    2
    1  0.000000e+000  1.000000e+000  1.000000e+000
    2 -1.200000e+002  1.000000e+000  1.000000e+000
    7    1    
    n  x              swc              Mat  Lay      Beta     
    1  0.000000e+000  0.100000e+000    1    1  0.000000e+000 
    2 -2.000000e+000  0.110000e+000    1    1  0.210000e+000 
    3 -8.000000e+000  0.110000e+000    1    1  0.370000e+000 
    4 -1.600000e+001  0.110000e+000    1    1  0.320000e+000 
    5 -2.600000e+001  0.110000e+000    2    2  0.040000e+000 
    6 -3.600000e+001  0.120000e+000    2    2  0.030000e+000
    7 -4.600000e+001  0.130000e+000    2    2  0.030000e+000
    0
