  0.0   2.0  1.32  0.28000  0.17000  0.80  0.01  0.66  0.21  0.06  0.04  0.00073  3.98
  2.0   5.0  1.32  0.28000  0.17000  0.20  0.05  0.66  0.21  0.06  0.04  0.00073  3.80
  5.0  10.0  1.43  0.24000  0.15100  0.00  0.08  0.69  0.20  0.04  0.04  0.00068  3.80
 10.0  20.0  1.43  0.24000  0.15100  0.00  0.10  0.69  0.20  0.04  0.04  0.00068  3.80
 20.0  30.0  1.51  0.21200  0.13300  0.00  0.25  0.71  0.19  0.03  0.02  0.00068  4.50
 30.0  45.0  1.53  0.20900  0.13000  0.00  0.20  0.70  0.19  0.02  0.01  0.00065  4.64
 45.0  60.0  1.55  0.20200  0.12500  0.00  0.18  0.71  0.19  0.02  0.01  0.00062  4.79
 60.0  75.0  1.57  0.19800  0.12300  0.00  0.11  0.71  0.19  0.01  0.01  0.00060  4.79
 75.0  90.0  1.57  0.19800  0.12300  0.00  0.01  0.71  0.19  0.01  0.01  0.00060  4.79
 90.0 105.0  1.57  0.19800  0.12300  0.00  0.01  0.71  0.19  0.01  0.01  0.00060  4.79
105.0 120.0  1.57  0.19800  0.12300  0.00  0.00  0.71  0.19  0.01  0.01  0.00060  4.79
